20
2AK
149 2
82 1
14 0
19
4CK
BK
AK
144 4
118 3
87 2
55 1
24 0
18
6DK
CK
146 6BK
142 6AK
134 6
130 5
111 4
92 3
72 2
53 1
34 0
17
8EK
148 8DK
146 8CK
141 8BK
136 7BK
AK
124 7
122 6
108 5
94 4
80 3
66 2
52 1
39 0
16
8DK
CK
146 8BK
142 8AK
134 7
119 6
104 5
89 4
74 3
59 2
44 1
29 0
15
8EK
DK
DK
CK
142 8BK
137 8AK
135 7AK
129 7
121 6
106 5
92 4
77 3
63 2
48 1
39 0
14
11EK
DK
147 11CK
140 11BK
10BK
134 10AK
129 9AK
124 9
119 8
109 7
99 6
89 5
79 4
69 3
59 2
49 1
39 0
13
11EK
147 11DK
143 11CK
140 10CK
135 10BK
130 9BK
126 9AK
121 8AK
114 8
110 7
101 6
92 5
82 4
72 3
63 2
53 1
44 0
12
7EK
147 7DK
144 7CK
133 7BK
6BK
122 6AK
114 5AK
109 5
97 4
79 3
61 2
44 0
11
9EK
146 9DK
142 9CK
138 8CK
129 8BK
126 7BK
118 7AK
114 6AK
104 6
102 5
90 4
78 3
66 2
54 0
10 13EK
146 13DK
141 12DK
CK
133 11CK
126 11BK
124 10BK
116 9BK
113 9AK
107 8AK
99 7
91 6
82 5
74 4
65 3
57 2
49 0
9
13EK
143 13DK
12DK
135 12CK
11CK
126 10CK
120 10BK
118 9BK
110 8BK
105 8AK
102 7AK
94 6AK
89 6
86 5
78 4
70 3
62 2
54 0
8
10EK
144 10DK
138 10CK
135 9CK
24 9BK
121 8BK
110 8AK
106 7AK
94 7
92 6
77 5
63 4
48 3
34 0
7
10EK
143 10DK
136 9DK
134 9CK
122 8CK
118 8BK
108 7BK
104 7AK
94 6AK
89 6
80 5
66 4
52 3
39 0
6
15EK
142 15DK
14DK
133 13CK
125 12CK
118 12BK
11BK
109 10BK
102 10AK
9AK
92 8AK
84 7
76 6
68 5
60 4
52 3
44 0
5
18EK
143 17EK
140 17DK
137 16DK
131 15DK
129 15CK
124 14CK
118 13CK
115 13BK
112 12BK
105 11BK
99 10BK
10AK
93 9AK
86 8AK
80 7AK
79 7
74 6
67 5
61 4
55 3
49 0
4
19EK
144 18EK
142 18DK
139 17DK
135 17CK
133 16CK
128 15CK
124 15BK
14BK
117 13BK
13AK
112 12AK
107 11AK
103 11
101 10
96 9
91 8
85 7
80 6
75 5
69 4
64 3
59 0
3
22EK
144 21EK
140 21DK
20DK
134 19DK
132 19CK
129 18CK
124 17CK
121 17BK
119 16BK
114 15BK
111 15AK
109 14AK
104 13AK
99 12AK
98 12
94 11
89 10
84 9
79 8
74 7
69 6
64 0
2
25EK
144 24EK
139 23EK
134 22DK
128 21DK
123 20CK
118 19CK
112 18CK
110 18BK
107 17BK
102 16BK
98 16AK
96 15AK
91 14AK
86 13AK
83 13
80 12
75 11
70 10
64 9
59 8
54 0
1
27EK
145 26EK
141 25EK
137 24EK
DK
132 23DK
128 22DK
CK
124 21CK
119 20CK
116 20BK
19BK
111 18BK
107 17BK
106 17AK
102 16AK
98 15AK
94 14AK
93 14
89 13
85 12
81 11
75 10
72 9
68 8
64 0
