20
2AK
149 2
99 1
49 0
19
2AK
149 2
104 1
59 0
18
5CK
BK
AK
144 5
133 4
117 3
101 2
85 1
69 0
17
5EK
DK
CK
146 4CK
5BK
141 5AK
134 4
119 3
104 2
89 1
74 0
16
2CK
BK
AK
144 2
104 1
59 0
15
2CK
148 2BK
145 2AK
139 2
107 1
64 0
14
6DK
5CK
145 5BK
141 5AK
134 5
133 4
117 3
101 2
85 1
69 0
13
5EK
148 5DK
146 5CK
140 5BK
134 4AK
124 4
119 3
104 2
89 1
74 0
12
2EK
DK
CK
143 2BK
138 2AK
129 2
109 1
69 0
11
2EK
149 2DK
146 2CK
140 2BK
133 2AK
124 2
114 1
79 0
10
5EK
148 5DK
145 5CK
137 5BK
134 4BK
129 4AK
119 3
104 2
89 1
74 0
9
5EK
146 5DK
141 5CK
135 4CK
131 4BK
121 3AK
109 3
107 2
93 1
79 0
8
4EK
147 4DK
144 4CK
136 4BK
128 4AK
3AK
119 3
104 2
81 1
59 0
7
4EK
146 4DK
141 4CK
132 4BK
128 3BK
124 3AK
114 3
107 2
85 1
64 0
6
7EK
146 7DK
141 7CK
138 6CK
32 6BK
126 5BK
122 5AK
115 4AK
109 4
103 3
92 2
80 1
69 0
5
9EK
144 9DK
141 8DK
138 8CK
133 7CK
129 7BK
124 6BK
118 6AK
116 5AK
107 4AK
104 4
99 3
90 2
82 1
74 0
4
4EK
146 4DK
142 4CK
135 4BK
131 3BK
129 3AK
119 3
112 2
93 1
74 0
3
7EK
144 7DK
139 6CK
132 6BK
129 5BK
125 5AK
120 4AK
114 4
109 3
99 2
89 1
79 0
2
8EK
139 7DK
132 7CK
129 6CK
122 6BK
119 5BK
112 5AK
109 4AK
99 3
89 2
79 1
69 0
1
10EK
142 9EK
DK
135 8CK
128 7CK
BK
121 6BK
119 6AK
114 5AK
109 5
107 4
100 3
93 2
86 1
79 0
